ini文件内容
[base]
width = 3840
height = 2160

[distance]
x_distance = 1.5
y_distance = 21.2
altitude = 1242
y_value = 1
coefficient = 0.3
matrix00 = -41.4259822293520869607164058834
matrix01 = -7.76505459086787830358389328467
matrix02 = -0.0200182039050742222041634477137
matrix10 = -1.39065868452855889714214754349
matrix11 = -40.6454222044100959010393125936
matrix12 = -0.000530395904430995611227028785351
matrix20 = 36058.9419093545147916302084923
matrix21 = 58276.7720760584270465187728405
matrix22 = 1
radar_x = 6
radar_y = 0
radar_theta = 5
MPPW = 0.00390751684555286533939710835739
MPPH = 0.027691411327972037526023996179

[vibrate_setting]
x_vibrate_max = 5
y_vibrate_max = 10
matchBoxX = 1544
matchBoxY = 104
matchBoxWidth = 200
matchBoxHeight = 150

[crossing_setting]
orientations = 1
deltax_south = 0
deltay_south = 0
deltax_north = 9.5
deltay_north = 23
deltax_west = 5.1
deltay_west = 40
deltax_east = 6.5
deltay_east = 35
flag_south = 0
flag_north = 1
flag_west = 1
flag_east = 1
widthX = 21.3
widthY = 20

[real_loc]
real_left_point_x = 18.7
real_left_point_y = 15.45
real_right_point_x = 18.7
real_right_point_y = -15.45
real_top_point_x =18.7
real_top_point_y = 8
real_bottom_point_x = 13.7
real_bottom_point_y = 8

[pixel_loc]
pixel_left_point_x = 442
pixel_left_point_y = 860
pixel_right_point_x = 3732
pixel_right_point_y = 800
pixel_top_point_x = 1276
pixel_top_point_y = 827
pixel_bottom_point_x = 1259
pixel_bottom_point_y = 905