[base]
width  = 123456
height = 789

[distance]
x_distance   = 1.5
y_distance   = 21.2
altitude     = 1242
y_value      = 0
coefficient  = 0.3
matrix00     = -41.425982229352094
matrix01     = -7.765054590867878
matrix02     = -0.020018203905074222
matrix10     = -1.390658684528559
matrix11     = -40.645422204410096
matrix12     = -0.0005303959044309956
matrix20     = 36058.941909354515
matrix21     = 58276.77207605843
matrix22     = 1
radar_x      = 6
radar_y      = 0
radar_theta  = 5
MPPW         = 0.003907516845552865
MPPH         = 0.027691411327972038
camera_x     = 0
camera_y     = 13
camera_theta = 0

[vibrate_setting]
x_vibrate_max  = 5
y_vibrate_max  = 10
matchBoxX      = 1544
matchBoxY      = 104
matchBoxWidth  = 200
matchBoxHeight = 150

[crossing_setting]
orientations = 1
deltax_south = 0
deltay_south = 0
deltax_north = 9.5
deltay_north = 23
deltax_west  = 5.1
deltay_west  = 40
deltax_east  = 6.5
deltay_east  = 35
flag_south   = 0
flag_north   = 1
flag_west    = 1
flag_east    = 1
widthX       = 21.3
widthY       = 20

[real_loc]
real_left_point_x   = 18.7
real_left_point_y   = 15.45
real_right_point_x  = 18.7
real_right_point_y  = -15.45
real_top_point_x    = 18.7
real_top_point_y    = 8
real_bottom_point_x = 13.7
real_bottom_point_y = 8

[pixel_loc]
pixel_left_point_x   = 442
pixel_left_point_y   = 860
pixel_right_point_x  = 3732
pixel_right_point_y  = 800
pixel_top_point_x    = 1276
pixel_top_point_y    = 827
pixel_bottom_point_x = 1259
pixel_bottom_point_y = 905

